% Evaporation coefficients
% Converting thermodynamics data from temperature 298.15 K to 280 K.

E = nan(69,69);

E(1,1) = 0.5*2.06955299847919e+03;	% 2A -> 1A + 1A
E(2,1) = 2.71227133949154e+04;	% 3A -> 2A + 1A
E(1,2) = E(2,1);
E(3,1) = 1.03234071679507e+03;	% 4A -> 3A + 1A
E(1,3) = E(3,1);
E(2,2) = 0.5*1.12802744698528e+04;	% 4A -> 2A + 2A
E(4,1) = 1.01958592297501e+04;	% 5A -> 4A + 1A
E(1,4) = E(4,1);
E(3,2) = 3.72004571777531e+03;	% 5A -> 3A + 2A
E(2,3) = E(3,2);
E(6,1) = 5.80889781471997e+03;	% 1A1N -> 1N + 1A
E(1,6) = E(6,1);
E(7,1) = 5.28212655794493e-04;	% 2A1N -> 1A1N + 1A
E(1,7) = E(7,1);
E(6,2) = 1.71338257947191e-03;	% 2A1N -> 1N + 2A
E(2,6) = E(6,2);
E(8,1) = 3.95952220200255e+01;	% 3A1N -> 2A1N + 1A
E(1,8) = E(8,1);
E(7,2) = 9.21697545271642e-06;	% 3A1N -> 1A1N + 2A
E(2,7) = E(7,2);
E(6,3) = 2.74891198074277e-06;	% 3A1N -> 1N + 3A
E(3,6) = E(6,3);
E(9,1) = 7.92390549036665e+02;	% 4A1N -> 3A1N + 1A
E(1,9) = E(9,1);
E(8,2) = 1.18539057660017e+01;	% 4A1N -> 2A1N + 2A
E(2,8) = E(8,2);
E(7,3) = 2.52406196524712e-07;	% 4A1N -> 1A1N + 3A
E(3,7) = E(7,3);
E(6,4) = 2.26467065184070e-06;	% 4A1N -> 1N + 4A
E(4,6) = E(6,4);
E(10,1) = 1.40016278548438e+04;	% 5A1N -> 4A1N + 1A
E(1,10) = E(10,1);
E(9,2) = 3.73038392159856e+03;	% 5A1N -> 3A1N + 2A
E(2,9) = E(9,2);
E(8,3) = 5.11083536860245e+00;	% 5A1N -> 2A1N + 3A
E(3,8) = E(8,3);
E(7,4) = 3.25523404298936e-06;	% 5A1N -> 1A1N + 4A
E(4,7) = E(7,4);
E(6,5) = 3.29187264086363e-06;	% 5A1N -> 1N + 5A
E(5,6) = E(6,5);
E(6,6) = 0.5*1.24415446223602e+13;	% 2N -> 1N + 1N
E(12,1) = 3.59267401622115e-04;	% 1A2N -> 2N + 1A
E(1,12) = E(12,1);
E(7,6) = 9.48761606889683e+05;	% 1A2N -> 1A1N + 1N
E(6,7) = E(7,6);
E(13,1) = 1.11802601595782e-07;	% 2A2N -> 1A2N + 1A
E(1,13) = E(13,1);
E(12,2) = 1.97970381693664e-14;	% 2A2N -> 2N + 2A
E(2,12) = E(12,2);
E(8,6) = 2.25521739516689e+02;	% 2A2N -> 2A1N + 1N
E(6,8) = E(8,6);
E(7,7) = 0.5*1.61517232024767e-05;	% 2A2N -> 1A1N + 1A1N
E(14,1) = 8.66170958839901e-04;	% 3A2N -> 2A2N + 1A
E(1,14) = E(14,1);
E(13,2) = 3.95312381786865e-14;	% 3A2N -> 1A2N + 2A
E(2,13) = E(13,2);
E(12,3) = 6.40794560459013e-22;	% 3A2N -> 2N + 3A
E(3,12) = E(12,3);
E(9,6) = 5.35402922808845e-03;	% 3A2N -> 3A1N + 1N
E(6,9) = E(9,6);
E(8,7) = 2.45245193279235e-05;	% 3A2N -> 2A1N + 1A1N
E(7,8) = E(8,7);
E(15,1) = 7.30820187556825e+00;	% 4A2N -> 3A2N + 1A
E(1,15) = E(15,1);
E(14,2) = 2.25979638518279e-06;	% 4A2N -> 2A2N + 2A
E(2,14) = E(14,2);
E(13,3) = 9.43756275276041e-18;	% 4A2N -> 1A2N + 3A
E(3,13) = E(13,3);
E(12,4) = 4.58329934925227e-24;	% 4A2N -> 2N + 4A
E(4,12) = E(12,4);
E(10,6) = 5.26228672005964e-05;	% 4A2N -> 4A1N + 1N
E(6,10) = E(10,6);
E(9,7) = 4.27492504049411e-06;	% 4A2N -> 3A1N + 1A1N
E(7,9) = E(9,7);
E(8,8) = 0.5*2.75009108414649e-01;	% 4A2N -> 2A1N + 2A1N
E(16,1) = 4.62294165027202e+03;	% 5A2N -> 4A2N + 1A
E(1,16) = E(16,1);
E(15,2) = 1.08558085026141e+01;	% 5A2N -> 3A2N + 2A
E(2,15) = E(15,2);
E(14,3) = 3.07674639760718e-07;	% 5A2N -> 2A2N + 3A
E(3,14) = E(14,3);
E(13,4) = 3.84181499502115e-17;	% 5A2N -> 1A2N + 4A
E(4,13) = E(13,4);
E(12,5) = 2.09560338511695e-24;	% 5A2N -> 2N + 5A
E(5,12) = E(12,5);
E(11,6) = 1.83056350399923e-05;	% 5A2N -> 5A1N + 1N
E(6,11) = E(11,6);
E(10,7) = 2.38236399567130e-05;	% 5A2N -> 4A1N + 1A1N
E(7,10) = E(10,7);
E(9,8) = 2.73279787764443e+01;	% 5A2N -> 3A1N + 2A1N
E(8,9) = E(9,8);
E(12,6) = 1.41389542084519e+13;	% 3N -> 2N + 1N
E(6,12) = E(12,6);
E(18,1) = 4.30652493756593e-08;	% 1A3N -> 3N + 1A
E(1,18) = E(18,1);
E(13,6) = 1.97288411322635e+09;	% 1A3N -> 1A2N + 1N
E(6,13) = E(13,6);
E(12,7) = 1.07727877847615e+02;	% 1A3N -> 2N + 1A1N
E(7,12) = E(12,7);
E(19,1) = 4.46864831583262e-11;	% 2A3N -> 1A3N + 1A
E(1,19) = E(19,1);
E(18,2) = 8.61784616843664e-22;	% 2A3N -> 3N + 2A
E(2,18) = E(18,2);
E(14,6) = 8.69085806638682e+05;	% 2A3N -> 2A2N + 1N
E(6,14) = E(14,6);
E(13,7) = 1.21762264688431e-05;	% 2A3N -> 1A2N + 1A1N
E(7,13) = E(13,7);
E(12,8) = 9.26311286523989e-06;	% 2A3N -> 2N + 2A1N
E(8,12) = E(12,8);
E(20,1) = 5.84579476816890e-11;	% 3A3N -> 2A3N + 1A
E(1,20) = E(20,1);
E(19,2) = 9.98379451942746e-25;	% 3A3N -> 1A3N + 2A
E(2,19) = E(19,2);
E(18,3) = 1.76120787365825e-36;	% 3A3N -> 3N + 3A
E(3,18) = E(18,3);
E(15,6) = 6.30524538606369e-02;	% 3A3N -> 3A2N + 1N
E(6,15) = E(15,6);
E(14,7) = 5.95783256531649e-09;	% 3A3N -> 2A2N + 1A1N
E(7,14) = E(14,7);
E(13,8) = 1.16855629979094e-12;	% 3A3N -> 1A2N + 2A1N
E(8,13) = E(13,8);
E(12,9) = 1.38382142969917e-17;	% 3A3N -> 2N + 3A1N
E(9,12) = E(12,9);
E(21,1) = 3.02770741556640e-03;	% 4A3N -> 3A3N + 1A
E(1,21) = E(21,1);
E(20,2) = 6.00520511502192e-17;	% 4A3N -> 2A3N + 2A
E(2,20) = E(20,2);
E(19,3) = 9.39144279442477e-32;	% 4A3N -> 1A3N + 3A
E(3,19) = E(19,3);
E(18,4) = 4.95637243036745e-42;	% 4A3N -> 3N + 4A
E(4,18) = E(18,4);
E(16,6) = 2.76765475973000e-05;	% 4A3N -> 4A2N + 1N
E(6,16) = E(16,6);
E(15,7) = 1.97835610015389e-08;	% 4A3N -> 3A2N + 1A1N
E(7,15) = E(15,7);
E(14,8) = 2.63210104089808e-08;	% 4A3N -> 2A2N + 2A1N
E(8,14) = E(14,8);
E(13,9) = 8.02342896400628e-17;	% 4A3N -> 1A2N + 3A1N
E(9,13) = E(13,9);
E(12,10) = 5.33703097886079e-23;	% 4A3N -> 2N + 4A1N
E(10,12) = E(12,10);
E(22,1) = 1.06233278679446e+00;	% 5A3N -> 4A3N + 1A
E(1,22) = E(22,1);
E(21,2) = 9.91349237954712e-07;	% 5A3N -> 3A3N + 2A
E(2,21) = E(21,2);
E(20,3) = 1.80374935764947e-21;	% 5A3N -> 2A3N + 3A
E(3,20) = E(20,3);
E(19,4) = 8.43297712925918e-35;	% 5A3N -> 1A3N + 4A
E(4,19) = E(19,4);
E(18,5) = 4.99197982732144e-46;	% 5A3N -> 3N + 5A
E(5,18) = E(18,5);
E(17,6) = 6.67459522276425e-09;	% 5A3N -> 5A2N + 1N
E(6,17) = E(17,6);
E(16,7) = 2.75732421404355e-09;	% 5A3N -> 4A2N + 1A1N
E(7,16) = E(16,7);
E(15,8) = 2.78924238024991e-05;	% 5A3N -> 3A2N + 2A1N
E(8,15) = E(15,8);
E(14,9) = 5.77040733697159e-10;	% 5A3N -> 2A2N + 3A1N
E(9,14) = E(14,9);
E(13,10) = 9.85937274900845e-20;	% 5A3N -> 1A2N + 4A1N
E(10,13) = E(13,10);
E(12,11) = 4.08070708055683e-27;	% 5A3N -> 2N + 5A1N
E(11,12) = E(12,11);
E(18,6) = 2.49125971770276e+12;	% 4N -> 3N + 1N
E(6,18) = E(18,6);
E(12,12) = 0.5*2.36048921303421e+12;	% 4N -> 2N + 2N
E(24,1) = 2.43501582443786e-12;	% 1A4N -> 4N + 1A
E(1,24) = E(24,1);
E(19,6) = 1.58897678841171e+08;	% 1A4N -> 1A3N + 1N
E(6,19) = E(19,6);
E(18,7) = 9.43201345516105e-04;	% 1A4N -> 3N + 1A1N
E(7,18) = E(18,7);
E(13,12) = 1.63332861417406e+04;	% 1A4N -> 1A2N + 2N
E(12,13) = E(13,12);
E(25,1) = 1.00513569848341e-11;	% 2A4N -> 1A4N + 1A
E(1,25) = E(25,1);
E(24,2) = 1.01273673645511e-26;	% 2A4N -> 4N + 2A
E(2,24) = E(24,2);
E(20,6) = 3.88696951936079e+07;	% 2A4N -> 2A3N + 1N
E(6,20) = E(20,6);
E(19,7) = 2.03344655993934e-07;	% 2A4N -> 1A3N + 1A1N
E(7,19) = E(19,7);
E(18,8) = 1.68457674811284e-11;	% 2A4N -> 3N + 2A1N
E(8,18) = E(18,8);
E(14,12) = 1.48887105883184e+00;	% 2A4N -> 2A2N + 2N
E(12,14) = E(14,12);
E(13,13) = 0.5*3.83648344047713e-04;	% 2A4N -> 1A2N + 1A2N
E(26,1) = 2.52662467171917e-13;	% 3A4N -> 2A4N + 1A
E(1,26) = E(26,1);
E(25,2) = 9.15934816624481e-28;	% 3A4N -> 1A4N + 2A
E(2,25) = E(25,2);
E(24,3) = 8.44393956257778e-44;	% 3A4N -> 4N + 3A
E(3,24) = E(24,3);
E(21,6) = 1.79253255491087e+05;	% 3A4N -> 3A3N + 1N
E(6,21) = E(21,6);
E(20,7) = 1.08443819433569e-09;	% 3A4N -> 2A3N + 1A1N
E(7,20) = E(20,7);
E(19,8) = 7.96357294373626e-17;	% 3A4N -> 1A3N + 2A1N
E(8,19) = E(19,8);
E(18,9) = 1.02563624298842e-25;	% 3A4N -> 3N + 3A1N
E(9,18) = E(18,9);
E(15,12) = 4.38892089994314e-10;	% 3A4N -> 3A2N + 2N
E(12,15) = E(15,12);
E(14,13) = 7.65927659978775e-10;	% 3A4N -> 2A2N + 1A2N
E(13,14) = E(14,13);
E(27,1) = 7.69576866552736e-07;	% 4A4N -> 3A4N + 1A
E(1,27) = E(27,1);
E(26,2) = 6.29968278815046e-23;	% 4A4N -> 2A4N + 2A
E(2,26) = E(26,2);
E(25,3) = 2.09288222127634e-38;	% 4A4N -> 1A4N + 3A
E(3,25) = E(25,3);
E(24,4) = 5.76902776747873e-53;	% 4A4N -> 4N + 4A
E(4,24) = E(24,4);
E(22,6) = 4.80429551207683e+01;	% 4A4N -> 4A3N + 1N
E(6,22) = E(22,6);
E(21,7) = 1.36260406259526e-05;	% 4A4N -> 3A3N + 1A1N
E(7,21) = E(21,7);
E(20,8) = 1.16349192811288e-12;	% 4A4N -> 2A3N + 2A1N
E(8,20) = E(20,8);
E(19,9) = 1.32808738510666e-24;	% 4A4N -> 1A3N + 3A1N
